1325.09 226022
1457.6 262045
1603.36 311318
1763.69 376286
1940.06 459516
2134.07 563966
2347.48 692909
2582.23 851039
2840.45 1.04312e+06
3124.49 1.27497e+06
3436.94 1.55338e+06
3780.64 1.88624e+06
4158.7 2.28258e+06
4574.57 2.75278e+06
5032.03 3.30878e+06
5535.23 3.96424e+06
6088.75 4.73481e+06
6697.63 5.63836e+06
7367.39 6.69539e+06
8104.13 7.92934e+06
8914.54 9.36701e+06
9806 1.10391e+07
10786.6 1.29809e+07
11865.3 1.52326e+07
13051.8 1.78403e+07
14357 2.08568e+07
15792.7 2.43428e+07
17371.9 2.83676e+07
19109.1 3.30105e+07
21020 3.83623e+07
23122 4.45271e+07
25434.2 5.16239e+07
27977.7 5.97889e+07
30775.4 6.91778e+07
33853 7.99681e+07
37238.3 9.23633e+07
40962.1 1.06596e+08
45058.3 1.2293e+08
49564.1 1.41668e+08
54520.5 1.63155e+08
59972.6 1.87783e+08
65969.9 2.16001e+08
72566.8 2.48316e+08
79823.5 2.8531e+08
87805.9 3.27641e+08
96586.5 3.76058e+08
106245 4.31411e+08
116870 4.94667e+08
128557 5.6692e+08
141412 6.49411e+08
155553 7.43545e+08
171109 8.50912e+08
188220 9.73308e+08
207042 1.11276e+09
227746 1.27157e+09
250520 1.4523e+09
275572 1.65788e+09
303130 1.89157e+09
333443 2.15704e+09
366787 2.45843e+09
403466 2.80034e+09
443812 3.18797e+09
488193 3.62709e+09
537013 4.12417e+09
590714 4.68638e+09
649785 5.32176e+09
714764 6.0392e+09
786240 6.84856e+09
864864 7.76077e+09
951351 8.78791e+09
1.04649e+06 9.94329e+09
1.15113e+06 1.12416e+10
1.26625e+06 1.26988e+10
