1325.09 0.355723 0 0.355723
1351.59 0.400303 0.0505497 0.309229
1378.62 0.42059 0.0721088 0.291528
1406.2 0.434474 0.0843311 0.284746
1434.32 0.448578 0.0969775 0.277704
1463.01 0.462817 0.110027 0.270343
1492.27 0.47712 0.123457 0.262623
1522.11 0.491413 0.137243 0.254501
1552.55 0.501236 0.141541 0.259426
1583.61 0.515858 0.1561 0.250791
1615.28 0.530328 0.170968 0.241676
1647.58 0.540961 0.176284 0.246327
1680.53 0.5556 0.191903 0.236587
1714.15 0.569973 0.207773 0.226336
1748.43 0.581353 0.214188 0.230591
1783.4 0.595758 0.230769 0.219648
1819.06 0.607552 0.23785 0.223657
1855.45 0.621914 0.255124 0.211989
1892.55 0.634118 0.262905 0.215726
1930.41 0.648392 0.28085 0.203332
1969.01 0.660997 0.289368 0.206767
2008.39 0.673794 0.298105 0.210225
2048.56 0.688166 0.317251 0.196786
2089.53 0.701389 0.326787 0.199929
2131.32 0.715603 0.346556 0.18581
2173.95 0.729248 0.356935 0.188607
2217.43 0.743147 0.367584 0.19146
2261.78 0.757384 0.388538 0.176334
2307.01 0.771875 0.400165 0.178909
2353.15 0.786524 0.412045 0.181479
2400.22 0.800848 0.434204 0.165456
2448.22 0.815844 0.447039 0.167557
2497.19 0.831159 0.460217 0.169741
2547.13 0.846791 0.473749 0.172
2598.07 0.861262 0.497751 0.154641
2650.03 0.877276 0.512347 0.156408
2703.03 0.893638 0.52734 0.158261
2757.1 0.910337 0.542733 0.16019
2812.24 0.925073 0.568624 0.141706
2868.48 0.942133 0.585185 0.143077
2925.85 0.959581 0.602197 0.14455
2984.37 0.977392 0.619671 0.146095
3044.06 0.995617 0.637625 0.147755
3104.94 1.01079 0.666219 0.127805
3167.04 1.02934 0.685471 0.12882
3230.38 1.04826 0.70525 0.129901
3294.98 1.06763 0.725574 0.131096
3360.88 1.08741 0.74645 0.13238
3428.1 1.10346 0.777854 0.111566
3496.66 1.12352 0.800179 0.11213
3566.6 1.14402 0.823115 0.112775
3637.93 1.1649 0.846667 0.113455
3710.69 1.18626 0.870869 0.114253
3784.9 1.20805 0.895733 0.115119
3860.6 1.23023 0.92127 0.116011
3937.81 1.24775 0.957468 0.0938148
4016.57 1.27025 0.984691 0.0939615
4096.9 1.29322 1.01265 0.0941747
4178.84 1.31657 1.04137 0.0943916
4262.41 1.34043 1.07087 0.0947081
4347.66 1.36475 1.10118 0.0950727
4434.61 1.38952 1.1323 0.0954807
4523.31 1.41469 1.16427 0.0958794
4613.77 1.44037 1.19711 0.0963628
4706.05 1.46651 1.23084 0.0968657
4800.17 1.48661 1.27556 0.0727108
4896.17 1.5131 1.31138 0.0724209
4994.1 1.54001 1.34816 0.0721157
5093.98 1.56745 1.38593 0.0718777
5195.86 1.59538 1.42472 0.0716591
5299.77 1.62378 1.46455 0.071452
5405.77 1.65268 1.50546 0.0712647
5513.89 1.68204 1.54747 0.0710678
5624.16 1.71186 1.5906 0.0708378
5736.65 1.74221 1.6349 0.0706497
5851.38 1.77306 1.68039 0.0704565
5968.41 1.80441 1.7271 0.0702491
6087.78 1.83625 1.77506 0.0700283
6209.53 1.86861 1.82431 0.0698022
6333.72 1.90146 1.87488 0.0695372
6460.4 1.93482 1.92681 0.0692528
6589.6 1.96865 1.98012 0.068887
6721.4 1.99584 2.04486 0.0432591
6855.82 2.03045 2.10119 0.0424266
6992.94 2.06559 2.15902 0.0415772
7132.8 2.10131 2.21838 0.0407278
7275.46 2.13757 2.27932 0.0398565
7420.96 2.1744 2.34187 0.0389755
7569.38 2.2118 2.40609 0.0380733
7720.77 2.24979 2.47201 0.0371628
7875.19 2.28834 2.53967 0.0362254
8032.69 2.3275 2.60912 0.0352795
8193.34 2.36726 2.68041 0.0343077
8357.21 2.40762 2.75358 0.0333251
8524.36 2.44859 2.82869 0.0323192
8694.84 2.4902 2.90577 0.0313054
8868.74 2.53237 2.98489 0.0302104
9046.11 2.57524 3.06609 0.0291626
9227.04 2.61876 3.14943 0.0281034
9411.58 2.66293 3.23497 0.0270161
9599.81 2.70779 3.32275 0.0259391
9791.8 2.7533 3.41284 0.0248327
9987.64 2.79952 3.50529 0.0237362
10187.4 2.84642 3.60017 0.0226171
10391.1 2.89405 3.69753 0.0215165
10599 2.94239 3.79745 0.0204009
10810.9 2.99148 3.89998 0.0193142
11027.2 3.04131 4.00519 0.0182322
11247.7 3.09189 4.11314 0.0171494
11472.7 3.14325 4.22392 0.0161013
11702.1 3.19539 4.33759 0.0150679
11936.2 3.25442 4.44444 0.0379865
12174.9 3.30767 4.56431 0.0362755
12418.4 3.36169 4.68732 0.0345256
12666.7 3.41653 4.81354 0.0327739
12920.1 3.47216 4.94305 0.0309926
13178.5 3.52864 5.07594 0.0292205
13442 3.58596 5.2123 0.0274322
13710.9 3.64411 5.35219 0.0256384
13985.1 3.70317 5.49573 0.0238835
14264.8 3.7631 5.643 0.0221169
14550.1 3.82395 5.79408 0.0203912
14841.1 3.8857 5.94909 0.0186795
15137.9 3.9484 6.10811 0.0170157
15440.7 4.01206 6.27126 0.015387
15749.5 4.07667 6.43862 0.0138057
16064.5 4.14229 6.6103 0.0122901
16385.8 4.20897 6.78644 0.0108888
16713.5 4.27721 6.96711 0.0101143
17047.8 4.34645 7.15243 0.00937297
17388.7 4.41662 7.34255 0.0085934
17736.5 4.48775 7.53756 0.00778956
18091.2 4.55979 7.73757 0.00692747
18453.1 4.63281 7.94274 0.00602431
18822.1 4.70865 8.14361 0.0245412
19198.6 4.78287 8.36005 0.0221157
19582.5 4.85824 8.58207 0.019754
19974.2 4.93477 8.80982 0.0174789
20373.7 5.01249 9.04338 0.0153276
20781.1 5.09175 9.28295 0.0135987
21196.8 5.17292 9.52868 0.0126688
21620.7 5.25514 9.78068 0.0116915
22053.1 5.33845 10.0391 0.0106645
22494.2 5.42286 10.3042 0.00958761
22944.1 5.50836 10.5761 0.00845743
23402.9 5.59497 10.8549 0.00727233
23871 5.68269 11.1408 0.00603043
24348.4 5.77154 11.434 0.00472722
24835.4 5.86152 11.7347 0.00336159
25332.1 5.95263 12.0431 0.00193154
25838.7 6.0449 12.3503 0.0173274
26355.5 6.13945 12.6756 0.0157292
26882.6 6.23566 13.0091 0.0145113
27420.3 6.33313 13.3511 0.0132366
27968.7 6.43185 13.7019 0.0119005
28528 6.53183 14.0615 0.0105044
29098.6 6.63309 14.4303 0.00904282
29680.6 6.73563 14.8084 0.00751355
30274.2 6.83945 15.1962 0.0059123
30879.7 6.94457 15.5937 0.00423654
31497.3 7.05101 16.0014 0.00248191
32127.2 7.15874 16.4194 0.000641911
32769.8 7.2691 16.848 0
33425.2 7.3815 17.2784 0.0168873
34093.7 7.49534 17.7303 0.0153034
34775.5 7.61062 18.1936 0.0136507
35471 7.72735 18.6685 0.0119261
36180.5 7.84556 19.1556 0.0101278
36904.1 7.96522 19.6548 0.00824997
37642.2 8.08636 20.1667 0.00629061
38395 8.20901 20.6916 0.00424432
39162.9 8.33313 21.2296 0.00210289
39946.2 8.45891 21.7812 0
40745.1 8.58839 22.3467 0
41560 8.71952 22.9265 0
42391.2 8.85228 23.512 0.0166985
43239 8.98669 24.123 0.014655
44103.8 9.12278 24.7494 0.0125297
44985.9 9.26054 25.3915 0.0103191
45885.6 9.39998 26.0497 0.00801905
46803.3 9.54113 26.7245 0.00562464
47739.3 9.68397 27.4162 0.00312903
48694.1 9.82854 28.1252 0.00052685
49668 9.97703 28.8521 0
50661.4 10.1279 29.5971 0
51674.6 10.2806 30.3609 0
52708.1 10.4352 31.1345 0.0172279
53762.3 10.5917 31.9391 0.0147078
54837.5 10.7501 32.7638 0.0120956
55934.3 10.9104 33.6091 0.00938662
57052.9 11.0727 34.4755 0.00657585
58194 11.2369 35.3636 0.00366018
59357.9 11.4031 36.2739 0.000630821
60545 11.5737 37.2069 0
61755.9 11.7471 38.1632 0
62991.1 11.9226 39.1433 0
64250.9 12.1002 40.148 0
65535.9 12.28 41.1689 0.0166649
66846.6 12.462 42.2268 0.0135707
68183.5 12.6461 43.3111 0.0103752
69547.2 12.8325 44.4223 0.00707074
70938.2 13.021 45.5611 0.00365533
72356.9 13.2118 46.7283 0.000117938
73804.1 13.4084 47.9244 0
75280.1 13.6075 49.1503 0
76785.7 13.8089 50.4067 0
78321.5 14.0128 51.6943 0
79887.9 14.2192 53.0139 0
81485.6 14.428 54.3592 0.0147586
83115.4 14.6393 55.7482 0.0109796
84777.7 14.8531 57.1716 0.00709147
86473.2 15.0694 58.6302 0.00308338
88202.7 15.2892 60.1249 0
89966.7 15.5149 61.6566 0
91766.1 15.7432 63.2263 0
93601.4 15.9743 64.8347 0
95473.4 16.2081 66.4831 0
97382.9 16.4447 68.1722 0
99330.6 16.6841 69.8952 0.015701
101317 16.9263 71.6726 0.0112304
103344 17.1713 73.4937 0.00664297
105410 17.4192 75.3598 0.00194052
107519 17.6729 77.2717 0
109669 17.9315 79.2308 0
111862 18.1932 81.2382 0
114100 18.458 83.2951 0
116382 18.7258 85.4026 0
118709 18.9968 87.5622 0
121083 19.271 89.7664 0.0165104
123505 19.5484 92.038 0.0112047
125975 19.829 94.3653 0.00578916
128495 20.1128 96.7498 0.000256247
131065 20.4053 99.1925 0
133686 20.7015 101.695 0
136360 21.0011 104.26 0
139087 21.3042 106.886 0
141868 21.6108 109.578 0
144706 21.921 112.336 0
147600 22.2346 115.152 0.0173833
150552 22.552 118.052 0.0110731
153563 22.873 121.022 0.00465277
156634 23.1995 124.065 0
159767 23.5346 127.183 0
162962 23.8734 130.376 0
166222 24.2161 133.648 0
169546 24.5628 136.999 0
172937 24.9134 140.432 0
176396 25.268 143.95 0
179924 25.6267 147.553 0
183522 25.9894 151.24 0.0111389
187192 26.3563 155.027 0.00348688
190936 26.7315 158.906 0
194755 27.1145 162.88 0
198650 27.5019 166.95 0
202623 27.8936 171.118 0
206676 28.2897 175.388 0
210809 28.6904 179.762 0
215025 29.0954 184.242 0
219326 29.505 188.832 0
223712 29.9192 193.529 0.0119773
228187 30.338 198.351 0.00277017
232750 30.7681 203.29 0
237405 31.2055 208.348 0
242153 31.6481 213.529 0
246996 32.0953 218.834 0
251936 32.5475 224.267 0
256975 33.0048 229.833 0
262115 33.467 235.533 0
267357 33.9343 241.371 0
272704 34.4068 247.345 0.0146138
278158 34.8844 253.477 0.00339907
283721 35.3752 259.758 0
289396 35.8747 266.189 0
295184 36.3796 272.774 0
301087 36.89 279.518 0
307109 37.4057 286.423 0
313251 37.9272 293.495 0
319516 38.4541 300.737 0
325907 38.9867 308.154 0
332425 39.5252 315.751 0
339073 40.0692 323.528 0.00706588
345855 40.6262 331.505 0
352772 41.1958 339.67 0
359827 41.7718 348.031 0
367024 42.3536 356.591 0
374364 42.9414 365.355 0
381852 43.5356 374.33 0
389489 44.1357 383.518 0
397278 44.7423 392.929 0
405224 45.355 402.562 0
413328 45.9743 412.422 0.0169886
421595 46.6004 422.538 0
430027 47.2502 432.894 0
438627 47.9065 443.495 0
447400 48.5694 454.346 0
456348 49.2392 465.456 0
465475 49.9154 476.826 0
474784 50.5988 488.472 0
484280 51.2886 500.388 0
493966 51.9858 512.595 0
503845 52.6896 525.088 0
513922 53.4009 537.877 0.0168066
524200 54.1246 550.992 0
534684 54.8727 564.418 0
545378 55.6278 578.156 0
556286 56.3904 592.219 0
567411 57.1601 606.61 0
578760 57.9375 621.342 0
590335 58.7222 636.42 0
602141 59.5145 651.855 0
614184 60.3143 667.655 0
626468 61.1218 683.831 0
638997 61.9371 700.393 0
651777 62.7631 717.355 0
664813 63.6237 734.731 0
678109 64.4921 752.508 0
691671 65.3686 770.7 0
705505 66.253 789.315 0
719615 67.1455 808.364 0
734007 68.0461 827.858 0
748687 68.9548 847.809 0
763661 69.8717 868.229 0
778934 70.7968 889.129 0
794513 71.7304 910.526 0
810403 72.6724 932.432 0
826611 73.6427 954.874 0
843143 74.6414 977.845 0
860006 75.6487 1001.34 0
877206 76.6647 1025.38 0
894750 77.6893 1049.97 0
912645 78.7226 1075.14 0
930898 79.7645 1100.88 0
949516 80.815 1127.22 0
968507 81.8746 1154.18 0
987877 82.9426 1181.77 0
1.00763e+06 84.02 1210.01 0
1.02779e+06 85.106 1238.92 0
1.04834e+06 86.2221 1268.53 0
1.06931e+06 87.3811 1298.85 0
1.0907e+06 88.5491 1329.85 0
1.11251e+06 89.7268 1361.56 0
1.13476e+06 90.9131 1393.99 0
1.15746e+06 92.109 1427.17 0
1.1806e+06 93.3136 1461.1 0
1.20422e+06 94.5274 1495.81 0
1.2283e+06 95.751 1531.33 0
1.25287e+06 96.9828 1567.66 0
1.27792e+06 98.2245 1604.85 0
1.30348e+06 99.4755 1642.92 0
1.32955e+06 100.735 1681.88 0
1.35614e+06 102.056 1721.83 0
1.38327e+06 103.413 1762.69 0
1.41093e+06 104.779 1804.45 0
1.43915e+06 106.155 1847.16 0
1.46793e+06 107.54 1890.83 0
1.49729e+06 108.935 1935.48 0
1.52724e+06 110.339 1981.16 0
1.55778e+06 111.753 2027.87 0
1.58894e+06 113.175 2075.65 0
1.62072e+06 114.607 2124.54 0
1.65313e+06 116.048 2174.55 0
1.68619e+06 117.498 2225.74 0
1.71992e+06 118.958 2278.16 0
1.75432e+06 120.453 2331.88 0
1.7894e+06 122.045 2386.87 0
1.82519e+06 123.647 2443.09 0
1.86169e+06 125.259 2500.56 0
1.89893e+06 126.881 2559.3 0
1.93691e+06 128.511 2619.34 0
1.97564e+06 130.151 2680.73 0
2.01516e+06 131.8 2743.51 0
2.05546e+06 133.458 2807.7 0
2.09657e+06 135.125 2873.36 0
2.1385e+06 136.8 2940.52 0
2.18127e+06 138.484 3009.24 0
2.2249e+06 140.177 3079.58 0
2.26939e+06 141.878 3151.6 0
2.31478e+06 143.588 3225.42 0.00765115
2.36108e+06 145.473 3301.15 0
2.4083e+06 147.375 3378.51 0
2.45647e+06 149.287 3457.58 0
2.50559e+06 151.208 3538.36 0
2.55571e+06 153.138 3620.91 0
2.60682e+06 155.075 3705.29 0
2.65896e+06 157.022 3791.54 0
2.71214e+06 158.976 3879.74 0
2.76638e+06 160.938 3969.93 0
2.82171e+06 162.907 4062.15 0
2.87814e+06 164.883 4156.49 0
2.9357e+06 166.865 4253.04 0
2.99442e+06 168.855 4351.89 0
3.05431e+06 170.851 4453.16 0
3.11539e+06 172.854 4557.02 0
3.1777e+06 175.054 4663.78 0
3.24125e+06 177.353 4772.92 0
3.30608e+06 179.661 4884.38 0
3.3722e+06 181.977 4998.23 0
3.43964e+06 184.302 5114.57 0
3.50844e+06 186.633 5233.43 0
3.57861e+06 188.971 5354.9 0
3.65018e+06 191.314 5479.06 0
3.72318e+06 193.662 5605.99 0
3.79765e+06 196.015 5735.79 0
3.8736e+06 198.371 5868.56 0
3.95107e+06 200.731 6004.42 0
4.03009e+06 203.093 6143.5 0
4.11069e+06 205.458 6285.96 0
4.19291e+06 207.825 6431.98 0
4.27677e+06 210.193 6581.85 0
4.3623e+06 212.611 6736.21 0
4.44955e+06 215.481 6894.99 0
4.53854e+06 218.359 7057.1 0
4.62931e+06 221.246 7222.6 0
4.7219e+06 224.139 7391.6 0
4.81633e+06 227.038 7564.19 0
4.91266e+06 229.94 7740.49 0
5.01091e+06 232.846 7920.61 0
5.11113e+06 235.752 8104.67 0
5.21335e+06 238.658 8292.82 0
5.31762e+06 241.563 8485.22 0
5.42397e+06 244.464 8682.05 0
5.53245e+06 247.362 8883.49 0
5.6431e+06 250.253 9089.78 0
5.75596e+06 253.138 9301.19 0
5.87108e+06 256.014 9518.05 0
5.9885e+06 258.881 9740.75 0
6.10827e+06 261.736 9969.86 0
6.23044e+06 264.579 10206.3 0
6.35505e+06 267.965 10452.5 0
6.48215e+06 271.817 10705 0
6.61179e+06 275.685 10962.7 0
6.74403e+06 279.567 11225.7 0
6.87891e+06 283.46 11494.1 0
7.01649e+06 287.362 11768.1 0
7.15682e+06 291.27 12047.7 0
7.29995e+06 295.183 12333.3 0
7.44595e+06 299.096 12624.8 0
7.59487e+06 303.006 12922.5 0
7.74677e+06 306.912 13226.7 0
7.9017e+06 310.809 13537.5 0
8.05974e+06 314.695 13855.4 0
8.22093e+06 318.563 14180.4 0
8.38535e+06 322.414 14513.1 0
8.55306e+06 326.241 14854 0
8.72412e+06 330.041 15203.4 0
8.8986e+06 333.808 15562.1 0
9.07658e+06 337.537 15930.6 0
9.25811e+06 341.227 16310.1 0
9.44327e+06 344.872 16701.8 0
9.63213e+06 348.465 17107.3 0
9.82478e+06 351.997 17529.2 0
1.00213e+07 355.596 17974.6 0
1.02217e+07 361.552 18445.5 0
1.04261e+07 367.574 18927.1 0
1.06347e+07 373.662 19419.5 0
1.08473e+07 379.817 19923 0
1.10643e+07 386.036 20437.9 0
1.12856e+07 392.315 20964.1 0
1.15113e+07 398.656 21501.9 0
1.17415e+07 405.059 22051.6 0
1.19763e+07 411.516 22613.2 0
1.22159e+07 418.029 23187 0
1.24602e+07 424.597 23773.3 0
1.27094e+07 431.214 24372.1 0
1.29636e+07 437.879 24983.7 0
1.32229e+07 444.59 25608.3 0
