6.78e-05 0.417274E+03
6.91696e-05 0.425411E+03
7.05669e-05 0.433706E+03
7.19928e-05 0.442162E+03
7.34471e-05 0.450783E+03
7.49305e-05 0.459572E+03
7.64445e-05 0.468533E+03
7.79883e-05 0.477668E+03
7.9564e-05 0.486980E+03
8.11715e-05 0.496474E+03
8.28109e-05 0.506153E+03
8.44842e-05 0.516020E+03
8.61907e-05 0.526079E+03
8.79319e-05 0.536334E+03
8.97082e-05 0.546789E+03
9.15205e-05 0.557447E+03
9.33694e-05 0.568312E+03
9.52556e-05 0.579389E+03
9.71798e-05 0.590681E+03
9.91426e-05 0.602193E+03
0.000101145 0.613929E+03
0.000103189 0.625893E+03
0.000105274 0.638089E+03
0.0001074 0.650523E+03
0.00010957 0.663198E+03
0.000111783 0.676120E+03
0.000114042 0.689293E+03
0.000116345 0.702721E+03
0.000118695 0.716411E+03
0.000121094 0.730366E+03
0.00012354 0.744592E+03
0.000126035 0.759095E+03
0.000128581 0.773879E+03
0.000131179 0.788950E+03
0.000133829 0.804313E+03
0.000136532 0.819975E+03
0.00013929 0.835940E+03
0.000142105 0.852214E+03
0.000144975 0.868805E+03
0.000147904 0.885716E+03
0.000150892 0.902956E+03
0.00015394 0.920529E+03
0.00015705 0.938442E+03
0.000160222 0.956703E+03
0.000163459 0.975316E+03
0.000166761 0.994290E+03
0.00017013 0.101363E+04
0.000173567 0.103335E+04
0.000177073 0.105344E+04
0.00018065 0.107393E+04
0.000184299 0.109480E+04
0.000188022 0.111609E+04
0.000191821 0.113778E+04
0.000195696 0.115989E+04
0.000199649 0.118243E+04
0.000203683 0.120540E+04
0.000207797 0.122882E+04
0.000211995 0.125268E+04
0.000216277 0.127701E+04
0.000220646 0.130180E+04
0.000225104 0.132707E+04
0.000229651 0.135283E+04
0.00023429 0.137908E+04
0.000239023 0.140583E+04
0.000243852 0.143310E+04
0.000248779 0.146089E+04
0.000253804 0.148921E+04
0.000258931 0.151807E+04
0.000264162 0.154749E+04
0.000269498 0.157746E+04
0.000274943 0.160801E+04
0.000280497 0.163915E+04
0.000286163 0.167088E+04
0.000291944 0.170321E+04
0.000297842 0.173615E+04
0.000303859 0.176973E+04
0.000309997 0.180394E+04
0.000316259 0.183880E+04
0.000322648 0.187433E+04
0.000329166 0.191052E+04
0.000335815 0.194740E+04
0.0003426 0.198498E+04
0.000349521 0.202327E+04
0.000356581 0.206228E+04
0.000363785 0.210203E+04
0.000371134 0.214252E+04
0.000378631 0.218378E+04
0.00038628 0.222581E+04
0.000394083 0.226863E+04
0.000402045 0.231225E+04
0.000410166 0.235668E+04
0.000418452 0.240195E+04
0.000426905 0.244806E+04
0.00043553 0.249503E+04
0.000444327 0.254287E+04
0.000453303 0.259160E+04
0.000462461 0.264124E+04
0.000471803 0.269179E+04
0.000481335 0.274328E+04
0.000491058 0.279571E+04
0.000500978 0.284912E+04
0.000511098 0.290350E+04
0.000521423 0.295888E+04
0.000531957 0.301527E+04
0.000542703 0.307270E+04
0.000553666 0.313117E+04
0.000564851 0.319070E+04
0.000576262 0.325132E+04
0.000587903 0.331303E+04
0.00059978 0.337586E+04
0.000611896 0.343982E+04
0.000624257 0.350493E+04
0.000636868 0.357120E+04
0.000649734 0.363867E+04
0.000662859 0.370733E+04
0.000676249 0.377722E+04
0.000689912 0.384835E+04
0.000703845 0.392074E+04
0.00071807 0.399440E+04
0.000732572 0.406936E+04
0.000747373 0.414563E+04
0.000762472 0.422323E+04
0.000777869 0.430218E+04
0.000793585 0.438250E+04
0.00080962 0.446421E+04
0.000825973 0.454733E+04
0.000842659 0.463187E+04
0.000859684 0.471786E+04
0.000877047 0.480530E+04
0.000894763 0.489423E+04
0.000912839 0.498466E+04
0.00093128 0.507661E+04
0.000950095 0.517009E+04
0.000969289 0.526512E+04
0.00098887 0.536173E+04
0.00100884 0.545993E+04
0.00102922 0.555974E+04
0.00105002 0.566117E+04
0.00107123 0.576425E+04
0.00109287 0.586899E+04
0.00111494 0.597540E+04
0.00113747 0.608351E+04
0.00116045 0.619332E+04
0.00118389 0.630487E+04
0.00120781 0.641815E+04
0.0012322 0.653319E+04
0.0012571 0.665000E+04
0.00128249 0.676859E+04
0.0013084 0.688899E+04
0.00133483 0.701119E+04
0.0013618 0.713522E+04
0.00138931 0.726109E+04
0.00141737 0.738880E+04
0.00144601 0.751837E+04
0.00147522 0.764981E+04
0.00150502 0.778313E+04
0.00153543 0.791834E+04
0.00156644 0.805544E+04
0.00159809 0.819444E+04
0.00163037 0.833535E+04
0.0016633 0.847817E+04
0.00169691 0.862292E+04
0.00173118 0.876958E+04
0.00176616 0.891816E+04
0.00180184 0.906867E+04
0.00183823 0.922110E+04
0.00187537 0.937546E+04
0.00191325 0.953173E+04
0.00195191 0.968992E+04
0.00199134 0.985003E+04
0.00203157 0.100120E+05
0.00207261 0.101759E+05
0.00211448 0.103417E+05
0.00215719 0.105094E+05
0.00220077 0.106790E+05
0.00224523 0.108503E+05
0.00229058 0.110236E+05
0.00233686 0.111986E+05
0.00238406 0.113755E+05
0.00243222 0.115541E+05
0.00248136 0.117344E+05
0.00253149 0.119165E+05
0.00258262 0.121003E+05
0.0026348 0.122858E+05
0.00268803 0.124729E+05
0.00274233 0.126616E+05
0.00279773 0.128519E+05
0.00285424 0.130437E+05
0.0029119 0.132369E+05
0.00297072 0.134317E+05
0.00303074 0.136278E+05
0.00309196 0.138252E+05
0.00315443 0.140240E+05
0.00321815 0.142240E+05
0.00328316 0.144252E+05
0.00334948 0.146275E+05
0.00341715 0.148308E+05
0.00348618 0.150351E+05
0.0035566 0.152404E+05
0.00362845 0.154465E+05
0.00370175 0.156533E+05
0.00377653 0.158608E+05
0.00385282 0.160689E+05
0.00393066 0.162775E+05
0.00401006 0.164865E+05
0.00409107 0.166959E+05
0.00417371 0.169056E+05
0.00425803 0.171153E+05
0.00434405 0.173251E+05
0.0044318 0.175347E+05
0.00452133 0.177441E+05
0.00461267 0.179530E+05
0.00470585 0.181614E+05
0.00480092 0.183691E+05
0.0048979 0.185760E+05
0.00499685 0.187820E+05
0.00509779 0.189869E+05
0.00520077 0.191906E+05
0.00530583 0.193930E+05
0.00541302 0.195938E+05
0.00552237 0.197930E+05
0.00563393 0.199904E+05
0.00574775 0.201858E+05
0.00586385 0.203790E+05
0.00598231 0.205699E+05
0.00610316 0.207582E+05
0.00622645 0.209438E+05
0.00635224 0.211265E+05
0.00648056 0.213059E+05
0.00661148 0.214821E+05
0.00674504 0.216546E+05
0.00688129 0.218233E+05
0.00702028 0.219881E+05
0.00716212 0.221485E+05
0.00730681 0.223045E+05
0.00745441 0.224558E+05
0.00760499 0.226021E+05
0.00775863 0.227433E+05
0.00791538 0.228790E+05
0.00807525 0.230090E+05
0.00823838 0.231331E+05
0.00840483 0.232510E+05
0.0085746 0.233625E+05
0.00874783 0.234672E+05
0.00892458 0.235650E+05
0.00910486 0.236556E+05
0.0092888 0.237387E+05
0.00947641 0.238140E+05
0.00966787 0.238813E+05
0.00986314 0.239403E+05
0.0100624 0.239909E+05
0.0102657 0.240326E+05
0.0104731 0.240653E+05
0.0106846 0.240887E+05
0.0109005 0.241026E+05
0.0111207 0.241068E+05
0.0113453 0.241010E+05
0.0115745 0.240851E+05
0.0118083 0.240588E+05
0.0120469 0.240219E+05
0.0122902 0.239743E+05
0.0125385 0.239158E+05
0.0127918 0.238462E+05
0.0130502 0.237655E+05
0.0133139 0.236736E+05
0.0135828 0.235703E+05
0.0138572 0.234556E+05
0.0141372 0.233294E+05
0.0144228 0.231919E+05
0.0147141 0.230430E+05
0.0150113 0.228827E+05
0.0153146 0.227111E+05
0.015624 0.225284E+05
0.0159396 0.223348E+05
0.0162616 0.221303E+05
0.0165901 0.219153E+05
0.0169253 0.216901E+05
0.0172672 0.214549E+05
0.017616 0.212102E+05
0.0179719 0.209562E+05
0.0183349 0.206934E+05
0.0187053 0.204224E+05
0.0190832 0.201438E+05
0.0194687 0.198579E+05
0.0198619 0.195655E+05
0.0202632 0.192672E+05
0.0206726 0.189636E+05
0.0210901 0.186556E+05
0.0215162 0.183439E+05
0.0219509 0.180293E+05
0.0223943 0.177125E+05
0.0228467 0.173943E+05
0.0233082 0.170757E+05
0.0237791 0.167575E+05
0.0242595 0.164404E+05
0.0247496 0.161253E+05
0.0252495 0.158132E+05
0.0257596 0.155050E+05
0.02628 0.152016E+05
0.0268108 0.149039E+05
0.0273525 0.146124E+05
0.0279051 0.143277E+05
0.0284687 0.140501E+05
0.0290438 0.137799E+05
0.0296306 0.135176E+05
0.0302292 0.132636E+05
0.0308398 0.130190E+05
0.0314628 0.127845E+05
0.0320984 0.125609E+05
0.0327469 0.123488E+05
0.0334084 0.121479E+05
0.0340833 0.119571E+05
0.0347718 0.117756E+05
0.0354742 0.116025E+05
0.0361909 0.114370E+05
0.036922 0.112782E+05
0.0376678 0.111253E+05
0.0384288 0.109778E+05
0.0392051 0.108348E+05
0.0399971 0.106951E+05
0.0408051 0.105580E+05
0.0416294 0.104223E+05
0.0424704 0.102869E+05
0.0433283 0.101502E+05
0.0442036 0.100111E+05
0.0450966 0.986799E+04
0.0460076 0.971911E+04
0.0469371 0.956272E+04
0.0478852 0.939734E+04
0.0488525 0.922202E+04
0.0498394 0.903611E+04
0.0508463 0.883921E+04
0.0518734 0.863171E+04
0.0529214 0.841429E+04
0.0539904 0.818793E+04
0.0550811 0.795442E+04
0.0561938 0.771565E+04
0.057329 0.747367E+04
0.0584871 0.723079E+04
0.0596686 0.698918E+04
0.060874 0.675109E+04
0.0621038 0.651865E+04
0.0633584 0.629399E+04
0.0646383 0.607930E+04
0.065944 0.587653E+04
0.0672762 0.568737E+04
0.0686353 0.551335E+04
0.0700218 0.535574E+04
0.0714361 0.521480E+04
0.0728796 0.509043E+04
0.0743515 0.498193E+04
0.075854 0.488732E+04
0.0773862 0.480448E+04
0.0789497 0.473052E+04
0.0805444 0.466219E+04
0.0821716 0.459624E+04
0.0838313 0.452928E+04
0.085525 0.445824E+04
0.0872525 0.438051E+04
0.0890153 0.429397E+04
0.0908134 0.419750E+04
0.092648 0.409062E+04
0.0945193 0.397409E+04
0.0964292 0.384924E+04
0.0983771 0.371826E+04
0.100364 0.358373E+04
0.102392 0.344895E+04
0.10446 0.331736E+04
0.106571 0.319263E+04
0.108723 0.307810E+04
0.110919 0.297657E+04
0.11316 0.288864E+04
0.115446 0.281376E+04
0.117779 0.275054E+04
0.120158 0.269657E+04
0.122585 0.264870E+04
0.125062 0.260386E+04
0.127588 0.255879E+04
0.130166 0.251020E+04
0.132795 0.245523E+04
0.135478 0.239259E+04
0.138214 0.232268E+04
0.141006 0.224738E+04
0.143855 0.216938E+04
0.146761 0.209180E+04
0.149726 0.201777E+04
0.152751 0.194995E+04
0.155836 0.189010E+04
0.158984 0.183870E+04
0.162196 0.179490E+04
0.165473 0.175683E+04
0.168815 0.172189E+04
0.172226 0.168716E+04
0.175705 0.164996E+04
0.179254 0.160896E+04
0.182876 0.156453E+04
0.18657 0.151746E+04
0.190339 0.147020E+04
0.194184 0.142469E+04
0.198107 0.138267E+04
0.202109 0.134553E+04
0.206192 0.131322E+04
0.210357 0.128411E+04
0.214607 0.125656E+04
0.218942 0.122908E+04
0.223365 0.120021E+04
0.227877 0.117001E+04
0.232481 0.113885E+04
0.237177 0.110830E+04
0.241968 0.107940E+04
0.246856 0.105309E+04
0.251843 0.102891E+04
0.256931 0.100668E+04
0.262121 0.985201E+03
0.267416 0.963459E+03
0.272818 0.941455E+03
0.27833 0.919329E+03
0.283953 0.897817E+03
0.289688 0.877356E+03
0.295541 0.858317E+03
0.301511 0.840378E+03
0.307602 0.823041E+03
0.313816 0.805981E+03
0.320156 0.788899E+03
0.326623 0.772129E+03
0.333221 0.756000E+03
0.339953 0.740579E+03
0.34682 0.725846E+03
0.353827 0.711608E+03
0.360975 0.697619E+03
0.368267 0.683880E+03
0.375706 0.670442E+03
0.383296 0.657499E+03
0.391039 0.644999E+03
0.398938 0.632855E+03
0.406997 0.620996E+03
0.415219 0.609367E+03
0.423607 0.598040E+03
0.432165 0.586998E+03
0.440895 0.576250E+03
0.449801 0.565769E+03
0.458888 0.555530E+03
0.468158 0.545508E+03
0.477616 0.535693E+03
0.487264 0.526077E+03
0.497108 0.516657E+03
0.50715 0.507426E+03
0.517395 0.498374E+03
0.527847 0.489490E+03
0.53851 0.480763E+03
0.549389 0.472184E+03
0.560487 0.463745E+03
0.57181 0.455440E+03
0.583361 0.447263E+03
0.595146 0.439208E+03
0.607169 0.431269E+03
0.619434 0.423438E+03
0.631948 0.415711E+03
0.644714 0.408080E+03
0.657738 0.400543E+03
0.671025 0.393095E+03
0.684583 0.385734E+03
0.698408 0.378456E+03
0.712517 0.371258E+03
0.726911 0.364136E+03
0.741596 0.357087E+03
0.75658 0.350109E+03
0.771862 0.343199E+03
0.787456 0.336359E+03
0.803362 0.329586E+03
0.819594 0.322879E+03
0.83615 0.316239E+03
0.853039 0.309664E+03
0.870274 0.303152E+03
0.887855 0.296703E+03
0.905788 0.290318E+03
0.924087 0.283999E+03
0.942752 0.277745E+03
0.961797 0.271557E+03
0.981229 0.265437E+03
1.00105 0.259383E+03
1.02127 0.253398E+03
1.0419 0.247482E+03
1.06295 0.241635E+03
1.08443 0.235861E+03
1.10633 0.230161E+03
1.12868 0.224534E+03
1.15148 0.218984E+03
1.17474 0.213510E+03
1.19847 0.208113E+03
1.22268 0.202795E+03
1.24738 0.197557E+03
1.27259 0.192401E+03
1.2983 0.187327E+03
1.32452 0.182336E+03
1.35128 0.177430E+03
1.37858 0.172609E+03
1.40642 0.167873E+03
1.43484 0.163223E+03
1.46382 0.158660E+03
1.4934 0.154185E+03
1.52356 0.149797E+03
1.55434 0.145496E+03
1.58574 0.141284E+03
1.61778 0.137160E+03
1.65046 0.133123E+03
1.6838 0.129174E+03
1.71781 0.125312E+03
1.75251 0.121537E+03
1.78792 0.117848E+03
1.82404 0.114245E+03
1.86088 0.110728E+03
1.89847 0.107295E+03
1.93683 0.103945E+03
1.97596 0.100679E+03
2.01587 0.974942E+02
2.05659 0.943907E+02
2.09814 0.913672E+02
2.14053 0.884227E+02
2.18377 0.855561E+02
2.22788 0.827663E+02
2.27289 0.800519E+02
2.3188 0.774119E+02
2.36565 0.748449E+02
2.41344 0.723497E+02
2.46219 0.699249E+02
2.51193 0.675694E+02
2.56268 0.652816E+02
2.61444 0.630604E+02
2.66726 0.609044E+02
2.72114 0.588123E+02
2.77611 0.567826E+02
2.83219 0.548142E+02
2.88941 0.529056E+02
2.94777 0.510556E+02
3.00732 0.492628E+02
3.06808 0.475259E+02
3.13005 0.458436E+02
3.19329 0.442146E+02
3.2578 0.426376E+02
3.32361 0.411112E+02
3.39075 0.396343E+02
3.45925 0.382054E+02
3.52913 0.368232E+02
3.60042 0.354862E+02
3.67315 0.341930E+02
3.74736 0.329423E+02
3.82306 0.317329E+02
3.90029 0.305635E+02
3.97908 0.294329E+02
4.05946 0.283398E+02
4.14147 0.272833E+02
4.22513 0.262621E+02
4.31049 0.252752E+02
4.39757 0.243220E+02
4.4864 0.234018E+02
4.57704 0.225139E+02
4.66949 0.216575E+02
4.76382 0.208318E+02
4.86006 0.200362E+02
4.95824 0.192699E+02
5.0584 0.185321E+02
5.16059 0.178219E+02
5.26484 0.171387E+02
