-4.00000000e+00 -1.06749084e+01
-3.99131468e+00 -1.06404651e+01
-3.98262854e+00 -1.06060199e+01
-3.97394092e+00 -1.05715711e+01
-3.96525527e+00 -1.05371280e+01
-3.95657091e+00 -1.05026889e+01
-3.94788345e+00 -1.04682399e+01
-3.93920021e+00 -1.04338042e+01
-3.93051321e+00 -1.03993582e+01
-3.92182604e+00 -1.03649113e+01
-3.91314208e+00 -1.03304742e+01
-3.90445407e+00 -1.02960254e+01
-3.89576903e+00 -1.02615859e+01
-3.88708346e+00 -1.02271448e+01
-3.87839748e+00 -1.01927024e+01
-3.86971127e+00 -1.01582600e+01
-3.86102506e+00 -1.01238181e+01
-3.85233913e+00 -1.00893769e+01
-3.84365381e+00 -1.00549382e+01
-3.83496946e+00 -1.00205024e+01
-3.82628357e+00 -9.98606232e+00
-3.81759676e+00 -9.95161993e+00
-3.80890965e+00 -9.91717743e+00
-3.80022563e+00 -9.88274398e+00
-3.79153983e+00 -9.84830603e+00
-3.78285309e+00 -9.81386524e+00
-3.77416626e+00 -9.77942466e+00
-3.76548019e+00 -9.74498737e+00
-3.75679571e+00 -9.71055463e+00
-3.74810882e+00 -9.67611565e+00
-3.73942302e+00 -9.64168045e+00
-3.73073696e+00 -9.60724450e+00
-3.72205173e+00 -9.57281188e+00
-3.71336617e+00 -9.53837876e+00
-3.70467925e+00 -9.50394241e+00
-3.69599445e+00 -9.46951247e+00
-3.68730865e+00 -9.43508059e+00
-3.67862115e+00 -9.40064454e+00
-3.66993543e+00 -9.36621371e+00
-3.66125076e+00 -9.33178752e+00
-3.65256460e+00 -9.29735694e+00
-3.64387849e+00 -9.26292775e+00
-3.63519207e+00 -9.22849851e+00
-3.62650687e+00 -9.19407322e+00
-3.61782080e+00 -9.15964680e+00
-3.60913552e+00 -9.12522322e+00
-3.60044914e+00 -9.09079772e+00
-3.59176343e+00 -9.05637258e+00
-3.58307671e+00 -9.02195007e+00
-3.57439080e+00 -8.98752615e+00
-3.56570581e+00 -8.95311238e+00
-3.55702037e+00 -8.91869165e+00
-3.54833328e+00 -8.88427129e+00
-3.53964800e+00 -8.84985693e+00
-3.53096189e+00 -8.81543998e+00
-3.52227550e+00 -8.78102504e+00
-3.51359078e+00 -8.74661380e+00
-3.50490406e+00 -8.71220179e+00
-3.49621885e+00 -8.67779198e+00
-3.48753307e+00 -8.64338469e+00
-3.47884622e+00 -8.60897457e+00
-3.47016044e+00 -8.57456784e+00
-3.46147528e+00 -8.54016611e+00
-3.45278914e+00 -8.50576434e+00
-3.44410303e+00 -8.47136234e+00
-3.43541678e+00 -8.43696256e+00
-3.42673144e+00 -8.40256813e+00
-3.41804579e+00 -8.36817532e+00
-3.40935987e+00 -8.33378151e+00
-3.40067379e+00 -8.29939276e+00
-3.39198772e+00 -8.26500416e+00
-3.38330188e+00 -8.23061669e+00
-3.37461552e+00 -8.19623103e+00
-3.36593001e+00 -8.16185157e+00
-3.35724374e+00 -8.12747372e+00
-3.34855819e+00 -8.09309729e+00
-3.33987288e+00 -8.05872630e+00
-3.33118652e+00 -8.02435482e+00
-3.32250072e+00 -7.98998585e+00
-3.31381434e+00 -7.95562118e+00
-3.30512904e+00 -7.92126170e+00
-3.29644297e+00 -7.88690251e+00
-3.28775701e+00 -7.85254692e+00
-3.27907123e+00 -7.81819580e+00
-3.27038494e+00 -7.78384566e+00
-3.26169917e+00 -7.74950238e+00
-3.25301337e+00 -7.71516097e+00
-3.24432786e+00 -7.68082524e+00
-3.23564152e+00 -7.64649062e+00
-3.22695556e+00 -7.61216163e+00
-3.21826975e+00 -7.57783838e+00
-3.20958393e+00 -7.54351758e+00
-3.20089803e+00 -7.50920178e+00
-3.19221205e+00 -7.47489011e+00
-3.18352670e+00 -7.44058567e+00
-3.17484077e+00 -7.40628409e+00
-3.16615450e+00 -7.37198537e+00
-3.15746877e+00 -7.33769486e+00
-3.14878264e+00 -7.30340751e+00
-3.14009710e+00 -7.26912894e+00
-3.13141081e+00 -7.23485142e+00
-3.12272543e+00 -7.20058420e+00
-3.11403921e+00 -7.16632002e+00
-3.10535336e+00 -7.13206360e+00
-3.09666742e+00 -7.09781184e+00
-3.08798158e+00 -7.06356784e+00
-3.07929557e+00 -7.02933047e+00
-3.07060969e+00 -6.99509909e+00
-3.06192380e+00 -6.96087578e+00
-3.05323785e+00 -6.92665885e+00
-3.04455231e+00 -6.89245095e+00
-3.03586629e+00 -6.85824927e+00
-3.02718042e+00 -6.82405683e+00
-3.01849443e+00 -6.78987037e+00
-3.00980860e+00 -6.75569429e+00
-3.00112280e+00 -6.72152586e+00
-2.99243571e+00 -6.68736229e+00
-2.98375244e+00 -6.65321902e+00
-2.97506303e+00 -6.61906728e+00
-2.96637925e+00 -6.58494137e+00
-2.95769231e+00 -6.55081614e+00
-2.94900578e+00 -6.51670235e+00
-2.94032301e+00 -6.48261018e+00
-2.93163600e+00 -6.44851582e+00
-2.92294839e+00 -6.41443030e+00
-2.91426358e+00 -6.38036401e+00
-2.90557779e+00 -6.34630675e+00
-2.89689102e+00 -6.31225776e+00
-2.88820671e+00 -6.27822936e+00
-2.87952149e+00 -6.24420984e+00
-2.87083557e+00 -6.21020092e+00
-2.86214920e+00 -6.17620355e+00
-2.85346268e+00 -6.14221968e+00
-2.84477635e+00 -6.10825051e+00
-2.83609059e+00 -6.07429657e+00
-2.82740582e+00 -6.04036014e+00
-2.81871965e+00 -6.00643420e+00
-2.81003270e+00 -5.97252165e+00
-2.80134841e+00 -5.93863216e+00
-2.79266190e+00 -5.90475209e+00
-2.78397669e+00 -5.87089282e+00
-2.77529087e+00 -5.83704813e+00
-2.76660280e+00 -5.80321461e+00
-2.75791845e+00 -5.76940896e+00
-2.74923124e+00 -5.73561359e+00
-2.74054709e+00 -5.70184571e+00
-2.73185982e+00 -5.66808755e+00
-2.72317529e+00 -5.63435739e+00
-2.71448770e+00 -5.60063728e+00
-2.70580281e+00 -5.56694644e+00
-2.69711735e+00 -5.53327443e+00
-2.68843049e+00 -5.49961939e+00
-2.67974567e+00 -5.46599285e+00
-2.67105801e+00 -5.43238009e+00
-2.66237304e+00 -5.39879822e+00
-2.65368811e+00 -5.36523978e+00
-2.64500083e+00 -5.33169807e+00
-2.63631470e+00 -5.29818459e+00
-2.62762936e+00 -5.26469855e+00
-2.61894451e+00 -5.23123944e+00
-2.61025819e+00 -5.19780220e+00
-2.60157212e+00 -5.16439174e+00
-2.59288625e+00 -5.13100969e+00
-2.58420061e+00 -5.09765631e+00
-2.57551365e+00 -5.06432710e+00
-2.56682883e+00 -5.03103351e+00
-2.55814311e+00 -4.99776650e+00
-2.54945684e+00 -4.96452853e+00
-2.54077040e+00 -4.93132076e+00
-2.53208422e+00 -4.89814486e+00
-2.52339876e+00 -4.86500519e+00
-2.51471309e+00 -4.83189617e+00
-2.50602640e+00 -4.79881700e+00
-2.49734077e+00 -4.76577414e+00
-2.48865550e+00 -4.73276565e+00
-2.47996868e+00 -4.69979404e+00
-2.47128379e+00 -4.66685766e+00
-2.46259778e+00 -4.63395934e+00
-2.45391161e+00 -4.60109407e+00
-2.44522625e+00 -4.56827237e+00
-2.43654027e+00 -4.53548967e+00
-2.42785360e+00 -4.50274183e+00
-2.41916850e+00 -4.47003912e+00
-2.41048268e+00 -4.43737433e+00
-2.40179624e+00 -4.40475103e+00
-2.39311046e+00 -4.37217254e+00
-2.38442447e+00 -4.33963580e+00
-2.37573854e+00 -4.30714455e+00
-2.36705301e+00 -4.27470249e+00
-2.35836727e+00 -4.24230057e+00
-2.34968082e+00 -4.20994644e+00
-2.34099516e+00 -4.17764379e+00
-2.33230895e+00 -4.14538469e+00
-2.32362377e+00 -4.11317931e+00
-2.31493755e+00 -4.08102053e+00
-2.30625195e+00 -4.04891549e+00
-2.29756602e+00 -4.01686321e+00
-2.28887975e+00 -3.98486268e+00
-2.28019407e+00 -3.95291557e+00
-2.27150824e+00 -3.92102437e+00
-2.26282247e+00 -3.88919124e+00
-2.25413623e+00 -3.85741334e+00
-2.24545062e+00 -3.82569545e+00
-2.23676449e+00 -3.79403550e+00
-2.22807829e+00 -3.76243615e+00
-2.21939253e+00 -3.73089751e+00
-2.21070703e+00 -3.69942025e+00
-2.20202099e+00 -3.66800820e+00
-2.19333511e+00 -3.63665932e+00
-2.18464942e+00 -3.60537966e+00
-2.17596338e+00 -3.57416590e+00
-2.16727719e+00 -3.54302427e+00
-2.15859172e+00 -3.51195558e+00
-2.14990541e+00 -3.48095808e+00
-2.14121986e+00 -3.45003711e+00
-2.13253369e+00 -3.41918898e+00
-2.12384800e+00 -3.38841968e+00
-2.11516217e+00 -3.35772770e+00
-2.10647625e+00 -3.32711349e+00
-2.09779035e+00 -3.29658212e+00
-2.08910411e+00 -3.26613045e+00
-2.08041831e+00 -3.23576320e+00
-2.07173220e+00 -3.20548038e+00
-2.06304666e+00 -3.17528684e+00
-2.05436059e+00 -3.14517932e+00
-2.04567498e+00 -3.11516500e+00
-2.03698893e+00 -3.08524106e+00
-2.02830305e+00 -3.05541135e+00
-2.01961707e+00 -3.02568107e+00
-2.01093125e+00 -2.99604675e+00
-2.00224545e+00 -2.96651593e+00
-1.99355963e+00 -2.93708821e+00
-1.98487506e+00 -2.90776722e+00
-1.97618805e+00 -2.87854958e+00
-1.96750212e+00 -2.84944360e+00
-1.95881662e+00 -2.82045106e+00
-1.95013102e+00 -2.79157402e+00
-1.94144492e+00 -2.76281102e+00
-1.93275799e+00 -2.73416667e+00
-1.92407365e+00 -2.70565296e+00
-1.91538798e+00 -2.67725984e+00
-1.90670092e+00 -2.64899085e+00
-1.89801592e+00 -2.62085817e+00
-1.88932950e+00 -2.59285696e+00
-1.88064182e+00 -2.56498776e+00
-1.87195633e+00 -2.53726475e+00
-1.86326992e+00 -2.50968258e+00
-1.85458603e+00 -2.48225550e+00
-1.84589875e+00 -2.45496802e+00
-1.83721462e+00 -2.42784401e+00
-1.82852806e+00 -2.40086737e+00
-1.81984257e+00 -2.37405670e+00
-1.81115585e+00 -2.34740602e+00
-1.80247134e+00 -2.32093041e+00
-1.79378418e+00 -2.29461840e+00
-1.78509790e+00 -2.26848387e+00
-1.77641321e+00 -2.24253431e+00
-1.76772577e+00 -2.21675861e+00
-1.75904161e+00 -2.19118061e+00
-1.75035412e+00 -2.16578475e+00
-1.74166927e+00 -2.14059163e+00
-1.73298324e+00 -2.11559454e+00
-1.72429715e+00 -2.09080201e+00
-1.71561213e+00 -2.06621919e+00
-1.70692486e+00 -2.04184002e+00
-1.69823883e+00 -2.01768113e+00
-1.68955311e+00 -1.99374251e+00
-1.68086686e+00 -1.97002676e+00
-1.67218147e+00 -1.94653781e+00
-1.66349624e+00 -1.92327944e+00
-1.65481061e+00 -1.90025432e+00
-1.64612414e+00 -1.87746400e+00
-1.63743836e+00 -1.85491449e+00
-1.62875291e+00 -1.83260641e+00
-1.62006571e+00 -1.81053957e+00
-1.61138023e+00 -1.78872301e+00
-1.60269452e+00 -1.76715176e+00
-1.59400857e+00 -1.74582895e+00
-1.58532241e+00 -1.72475220e+00
-1.57663615e+00 -1.70392564e+00
-1.56795156e+00 -1.68335256e+00
-1.55926561e+00 -1.66301981e+00
-1.55057869e+00 -1.64292440e+00
-1.54189269e+00 -1.62307450e+00
-1.53320798e+00 -1.60346273e+00
-1.52452204e+00 -1.58407724e+00
-1.51583545e+00 -1.56491532e+00
-1.50715025e+00 -1.54597126e+00
-1.49846423e+00 -1.52723077e+00
-1.48977815e+00 -1.50868533e+00
-1.48109274e+00 -1.49032810e+00
-1.47240618e+00 -1.47214134e+00
-1.46372066e+00 -1.45411319e+00
-1.45503451e+00 -1.43622406e+00
-1.44634874e+00 -1.41846358e+00
-1.43766192e+00 -1.40080771e+00
-1.42897633e+00 -1.38323898e+00
-1.42029070e+00 -1.36573006e+00
-1.41160503e+00 -1.34825552e+00
-1.40291940e+00 -1.33078802e+00
-1.39423289e+00 -1.31330685e+00
-1.38554679e+00 -1.29579364e+00
-1.37686137e+00 -1.27823442e+00
-1.36817588e+00 -1.26061132e+00
-1.35948974e+00 -1.24289938e+00
-1.35080344e+00 -1.22507863e+00
-1.34211748e+00 -1.20710455e+00
-1.33343242e+00 -1.18894324e+00
-1.32474606e+00 -1.17054716e+00
-1.31606006e+00 -1.15188517e+00
-1.30737425e+00 -1.13295128e+00
-1.29868852e+00 -1.11376945e+00
-1.29000287e+00 -1.09435529e+00
-1.28131649e+00 -1.07472764e+00
-1.27263038e+00 -1.05490876e+00
-1.26394469e+00 -1.03492403e+00
-1.25525887e+00 -1.01479462e+00
-1.24657322e+00 -9.94534097e-01
-1.23788736e+00 -9.74170930e-01
-1.22920173e+00 -9.53750071e-01
-1.22051534e+00 -9.33294113e-01
-1.21182951e+00 -9.12854692e-01
-1.20314340e+00 -8.92475416e-01
-1.19445769e+00 -8.72228197e-01
-1.18577172e+00 -8.52163106e-01
-1.17708563e+00 -8.32357924e-01
-1.16840022e+00 -8.12903917e-01
-1.15971382e+00 -7.93889772e-01
-1.15102801e+00 -7.75408834e-01
-1.14234251e+00 -7.57531204e-01
-1.13365653e+00 -7.40317826e-01
-1.12497059e+00 -7.23828047e-01
-1.11628464e+00 -7.08086809e-01
-1.10759872e+00 -6.93108412e-01
-1.09891292e+00 -6.78894386e-01
-1.09022688e+00 -6.65401856e-01
-1.08154135e+00 -6.52581271e-01
-1.07285506e+00 -6.40360992e-01
-1.06416940e+00 -6.28652195e-01
-1.05548377e+00 -6.17354826e-01
-1.04679766e+00 -6.06348836e-01
-1.03811164e+00 -5.95506992e-01
-1.02942581e+00 -5.84681112e-01
-1.02073988e+00 -5.73695820e-01
-1.01205413e+00 -5.62371159e-01
-1.00336839e+00 -5.50523422e-01
-9.94682183e-01 -5.37960726e-01
-9.85996386e-01 -5.24499413e-01
-9.77311872e-01 -5.10027701e-01
-9.68623857e-01 -4.94446841e-01
-9.59939877e-01 -4.77751752e-01
-9.51251424e-01 -4.60013238e-01
-9.42565937e-01 -4.41381161e-01
-9.33879155e-01 -4.22058322e-01
-9.25194527e-01 -4.02323352e-01
-9.16508130e-01 -3.82451434e-01
-9.07823441e-01 -3.62770895e-01
-8.99136845e-01 -3.43576831e-01
-8.90451824e-01 -3.25160538e-01
-8.81765044e-01 -3.07765867e-01
-8.73079978e-01 -2.91578971e-01
-8.64393542e-01 -2.76721230e-01
-8.55709188e-01 -2.63219607e-01
-8.47021004e-01 -2.51017763e-01
-8.38335581e-01 -2.39996728e-01
-8.29650261e-01 -2.29945241e-01
-8.20965534e-01 -2.20539445e-01
-8.12279099e-01 -2.11374433e-01
-8.03591664e-01 -2.01956141e-01
-7.94906661e-01 -1.91766998e-01
-7.86222010e-01 -1.80279671e-01
-7.77535857e-01 -1.67243891e-01
-7.68849111e-01 -1.52590023e-01
-7.60162679e-01 -1.36399814e-01
-7.51477466e-01 -1.18950439e-01
-7.42791966e-01 -1.00672867e-01
-7.34104859e-01 -8.20266879e-02
-7.25419612e-01 -6.35539330e-02
-7.16732702e-01 -4.58195214e-02
-7.08047598e-01 -2.93803523e-02
-6.99361045e-01 -1.45445939e-02
-6.90676502e-01 -1.36986560e-03
-6.81990955e-01 1.03739049e-02
-6.73303742e-01 2.10946641e-02
-6.64618333e-01 3.13354180e-02
-6.55932094e-01 4.17456364e-02
-6.47246519e-01 5.29541778e-02
-6.38561160e-01 6.54715600e-02
-6.29875673e-01 7.95541149e-02
-6.21189806e-01 9.51410988e-02
-6.12503393e-01 1.11889819e-01
-6.03818095e-01 1.29221378e-01
-5.95132088e-01 1.46430264e-01
-5.86445435e-01 1.62807369e-01
-5.77759903e-01 1.77935797e-01
-5.69073968e-01 1.91832251e-01
-5.60387868e-01 2.04623906e-01
-5.51701892e-01 2.16941000e-01
-5.43016372e-01 2.29341520e-01
-5.34330193e-01 2.42398221e-01
-5.25643852e-01 2.56632090e-01
-5.16957874e-01 2.72134124e-01
-5.08272812e-01 2.88454051e-01
-4.99586494e-01 3.05094007e-01
-4.90901022e-01 3.21547346e-01
-4.82214443e-01 3.37284171e-01
-4.73528903e-01 3.52273123e-01
-4.64842647e-01 3.66608843e-01
-4.56156606e-01 3.80857774e-01
-4.47471705e-01 3.95437557e-01
-4.38785285e-01 4.10779893e-01
-4.30099637e-01 4.26748735e-01
-4.21413504e-01 4.43321186e-01
-4.12728040e-01 4.60010983e-01
-4.04042172e-01 4.76376980e-01
-3.95356059e-01 4.92401650e-01
-3.86669911e-01 5.08131485e-01
-3.77983994e-01 5.23906101e-01
-3.69298616e-01 5.39950262e-01
-3.60612135e-01 5.56481569e-01
-3.51927011e-01 5.73363901e-01
-3.43240793e-01 5.90369350e-01
-3.34555040e-01 6.07329942e-01
-3.25868499e-01 6.24086168e-01
-3.17182784e-01 6.40811771e-01
-3.08496801e-01 6.57701650e-01
-2.99811340e-01 6.74807633e-01
-2.91125495e-01 6.92138262e-01
-2.82439332e-01 7.09593083e-01
-2.73752980e-01 7.27029618e-01
-2.65067423e-01 7.44447893e-01
-2.56381283e-01 7.61887622e-01
-2.47695663e-01 7.79478367e-01
-2.39010138e-01 7.97198887e-01
-2.30324384e-01 8.15001324e-01
-2.21638168e-01 8.32844558e-01
-2.12952053e-01 8.50693031e-01
-2.04266625e-01 8.68600616e-01
-1.95580446e-01 8.86565542e-01
-1.86894260e-01 9.04598417e-01
-1.78208822e-01 9.22682942e-01
-1.69522966e-01 9.40808877e-01
-1.60836946e-01 9.58960545e-01
-1.52151060e-01 9.77133052e-01
-1.43465045e-01 9.95324438e-01
-1.34779321e-01 1.01353461e+00
-1.26093177e-01 1.03176345e+00
-1.17407733e-01 1.05000244e+00
-1.08721301e-01 1.06825018e+00
-1.00035668e-01 1.08649429e+00
-9.13498734e-02 1.10473191e+00
-8.26641452e-02 1.12295706e+00
-7.39777320e-02 1.14116823e+00
-6.52920270e-02 1.15935715e+00
-5.66059078e-02 1.17752278e+00
-4.79203458e-02 1.19565746e+00
-3.92344019e-02 1.21375688e+00
-3.05486745e-02 1.23181575e+00
-2.18624123e-02 1.24982833e+00
-1.31767803e-02 1.26778906e+00
-4.49072519e-03 1.28569560e+00
4.19665746e-03 1.30354815e+00
1.28793872e-02 1.32132382e+00
2.15655246e-02 1.33904265e+00
3.02514992e-02 1.35668837e+00
3.89379190e-02 1.37425806e+00
4.76252776e-02 1.39174937e+00
5.63101466e-02 1.40914671e+00
6.49967791e-02 1.42646365e+00
7.36816995e-02 1.44368411e+00
8.23688222e-02 1.46081653e+00
9.10546457e-02 1.47784962e+00
9.97393256e-02 1.49477896e+00
1.08426325e-01 1.51160967e+00
1.17112136e-01 1.52832860e+00
1.25796706e-01 1.54493434e+00
1.34483110e-01 1.56143640e+00
1.43167870e-01 1.57782012e+00
1.51853833e-01 1.59409276e+00
1.60540557e-01 1.61025339e+00
1.69227569e-01 1.62629447e+00
1.77911476e-01 1.64220787e+00
1.86597570e-01 1.65800658e+00
1.95285120e-01 1.67368546e+00
2.03970668e-01 1.68923840e+00
2.12656283e-01 1.70467084e+00
2.21341197e-01 1.71997596e+00
2.30027196e-01 1.73516423e+00
2.38713349e-01 1.75022853e+00
2.47398734e-01 1.76516567e+00
2.56084841e-01 1.77998202e+00
2.64770615e-01 1.79467453e+00
2.73457331e-01 1.80924958e+00
2.82143831e-01 1.82370213e+00
2.90828977e-01 1.83802961e+00
2.99516015e-01 1.85224536e+00
3.08201461e-01 1.86633808e+00
3.16886223e-01 1.88030978e+00
3.25573128e-01 1.89417100e+00
3.34258677e-01 1.90791374e+00
3.42945493e-01 1.92154886e+00
3.51630130e-01 1.93506377e+00
3.60316922e-01 1.94847208e+00
3.69002370e-01 1.96177035e+00
3.77688641e-01 1.97496366e+00
3.86374099e-01 1.98804565e+00
3.95060667e-01 2.00102737e+00
4.03746621e-01 2.01390278e+00
4.12431986e-01 2.02667473e+00
4.21118364e-01 2.03934757e+00
4.29803940e-01 2.05191928e+00
4.38488553e-01 2.06439337e+00
4.47175093e-01 2.07677502e+00
4.55861594e-01 2.08905865e+00
4.64547668e-01 2.10125216e+00
4.73232888e-01 2.11334770e+00
4.81918229e-01 2.12535415e+00
4.90604521e-01 2.13727414e+00
4.99291089e-01 2.14910730e+00
5.07977241e-01 2.16085296e+00
5.16662272e-01 2.17251062e+00
5.25348059e-01 2.18408608e+00
5.34033725e-01 2.19557916e+00
5.42720885e-01 2.20699513e+00
5.51406078e-01 2.21832523e+00
5.60092028e-01 2.22957820e+00
5.68777663e-01 2.24075331e+00
5.77464225e-01 2.25185372e+00
5.86149414e-01 2.26287522e+00
5.94835460e-01 2.27382531e+00
6.03521103e-01 2.28470173e+00
6.12207239e-01 2.29550725e+00
6.20892547e-01 2.30624098e+00
6.29578798e-01 2.31690830e+00
6.38264564e-01 2.32750733e+00
6.46950417e-01 2.33804060e+00
6.55636819e-01 2.34851106e+00
6.64322247e-01 2.35891572e+00
6.73008920e-01 2.36926272e+00
6.81694296e-01 2.37954590e+00
6.90380394e-01 2.38977160e+00
6.99066407e-01 2.39994067e+00
7.07752371e-01 2.41005212e+00
7.16438255e-01 2.42010655e+00
7.25123964e-01 2.43010165e+00
7.33809341e-01 2.44003549e+00
7.42495751e-01 2.44991143e+00
7.51181300e-01 2.45972392e+00
7.59867197e-01 2.46947494e+00
7.68553010e-01 2.47916234e+00
7.77238998e-01 2.48878404e+00
7.85924625e-01 2.49834103e+00
7.94610719e-01 2.50783187e+00
8.03296616e-01 2.51725471e+00
8.11982971e-01 2.52661845e+00
8.20668354e-01 2.53592459e+00
8.29354598e-01 2.54518479e+00
8.38040172e-01 2.55439910e+00
8.46726071e-01 2.56357527e+00
8.55411932e-01 2.57272141e+00
8.64097949e-01 2.58184357e+00
8.72783652e-01 2.59094585e+00
8.81469681e-01 2.60003330e+00
8.90155442e-01 2.60911446e+00
